SM:2025-03-03T20:46:39.0008777Z
LM:2025-03-03T20:46:39.5757696Z
CT:image/jpeg
MA:604800
CL:21547
