SM:2025-03-03T20:46:38.4851190Z
LM:2025-03-03T20:46:40.1290958Z
CT:image/webp
MA:604800
CL:24024
