SM:2025-03-03T20:46:38.7602418Z
LM:2025-03-03T20:46:39.5410039Z
CT:image/jpeg
MA:604800
CL:8053
