SM:2025-03-03T20:46:38.6302927Z
LM:2025-03-03T20:46:39.6057534Z
CT:image/jpeg
MA:604800
CL:40057
