SM:2025-03-03T20:46:38.8869685Z
LM:2025-03-03T20:46:39.7818522Z
CT:image/jpeg
MA:604800
CL:28153
