SM:2025-03-03T20:46:38.1125391Z
LM:2025-03-03T20:46:40.1456839Z
CT:image/jpeg
MA:604800
CL:14411
